  l  lp m  mp k  ck 
  0  0  0  0  0   1.000000000000E+00
  0  1  0 -1  1  -5.773502691896E-01
  0  1  0  0  1   5.773502691896E-01
  0  1  0  1  1  -5.773502691896E-01
  0  2  0 -2  2   4.472135955000E-01
  0  2  0 -1  2  -4.472135955000E-01
  0  2  0  0  2   4.472135955000E-01
  0  2  0  1  2  -4.472135955000E-01
  0  2  0  2  2   4.472135955000E-01
  0  3  0 -3  3  -3.779644730092E-01
  0  3  0 -2  3   3.779644730092E-01
  0  3  0 -1  3  -3.779644730092E-01
  0  3  0  0  3   3.779644730092E-01
  0  3  0  1  3  -3.779644730092E-01
  0  3  0  2  3   3.779644730092E-01
  0  3  0  3  3  -3.779644730092E-01
  1  0 -1  0  1   5.773502691896E-01
  1  0  0  0  1   5.773502691896E-01
  1  0  1  0  1   5.773502691896E-01
  1  1 -1 -1  0   1.000000000000E+00
  1  1 -1 -1  2  -2.000000000000E-01
  1  1 -1  0  2   3.464101615138E-01
  1  1 -1  1  2  -4.898979485566E-01
  1  1  0 -1  2  -3.464101615138E-01
  1  1  0  0  0   1.000000000000E+00
  1  1  0  0  2   4.000000000000E-01
  1  1  0  1  2  -3.464101615138E-01
  1  1  1 -1  2  -4.898979485566E-01
  1  1  1  0  2   3.464101615138E-01
  1  1  1  1  0   1.000000000000E+00
  1  1  1  1  2  -2.000000000000E-01
  1  2 -1 -2  1  -6.324555320337E-01
  1  2 -1 -2  3   1.106566670345E-01
  1  2 -1 -1  1   4.472135955000E-01
  1  2 -1 -1  3  -1.916629695000E-01
  1  2 -1  0  1  -2.581988897472E-01
  1  2 -1  0  3   2.710523708716E-01
  1  2 -1  1  3  -3.499271061119E-01
  1  2 -1  2  3   4.285714285714E-01
  1  2  0 -2  3   2.474358296527E-01
  1  2  0 -1  1  -4.472135955000E-01
  1  2  0 -1  3  -3.129843185744E-01
  1  2  0  0  1   5.163977794943E-01
  1  2  0  0  3   3.319700011035E-01
  1  2  0  1  1  -4.472135955000E-01
  1  2  0  1  3  -3.129843185744E-01
  1  2  0  2  3   2.474358296527E-01
  1  2  1 -2  3   4.285714285714E-01
  1  2  1 -1  3  -3.499271061119E-01
  1  2  1  0  1  -2.581988897472E-01
  1  2  1  0  3   2.710523708716E-01
  1  2  1  1  1   4.472135955000E-01
  1  2  1  1  3  -1.916629695000E-01
  1  2  1  2  1  -6.324555320337E-01
  1  2  1  2  3   1.106566670345E-01
  1  3 -1 -3  2   5.070925528371E-01
  1  3 -1 -3  4  -7.273929674533E-02
  1  3 -1 -2  2  -4.140393356054E-01
  1  3 -1 -2  4   1.259881576697E-01
  1  3 -1 -1  2   3.207134902949E-01
  1  3 -1 -1  4  -1.781741612749E-01
  1  3 -1  0  2  -2.267786838055E-01
  1  3 -1  0  4   2.300218531141E-01
  1  3 -1  1  2   1.309307341416E-01
  1  3 -1  1  4  -2.817180849095E-01
  1  3 -1  2  4   3.333333333333E-01
  1  3 -1  3  4  -3.849001794598E-01
  1  3  0 -3  4  -1.924500897299E-01
  1  3  0 -2  2   2.927700218846E-01
  1  3  0 -2  4   2.519763153395E-01
  1  3  0 -1  2  -3.703280399090E-01
  1  3  0 -1  4  -2.817180849095E-01
  1  3  0  0  2   3.927922024248E-01
  1  3  0  0  4   2.909571869813E-01
  1  3  0  1  2  -3.703280399090E-01
  1  3  0  1  4  -2.817180849095E-01
  1  3  0  2  2   2.927700218846E-01
  1  3  0  2  4   2.519763153395E-01
  1  3  0  3  4  -1.924500897299E-01
  1  3  1 -3  4  -3.849001794598E-01
  1  3  1 -2  4   3.333333333333E-01
  1  3  1 -1  2   1.309307341416E-01
  1  3  1 -1  4  -2.817180849095E-01
  1  3  1  0  2  -2.267786838055E-01
  1  3  1  0  4   2.300218531141E-01
  1  3  1  1  2   3.207134902949E-01
  1  3  1  1  4  -1.781741612749E-01
  1  3  1  2  2  -4.140393356054E-01
  1  3  1  2  4   1.259881576697E-01
  1  3  1  3  2   5.070925528371E-01
  1  3  1  3  4  -7.273929674533E-02
  2  0 -2  0  2   4.472135955000E-01
  2  0 -1  0  2   4.472135955000E-01
  2  0  0  0  2   4.472135955000E-01
  2  0  1  0  2   4.472135955000E-01
  2  0  2  0  2   4.472135955000E-01
  2  1 -2 -1  1   6.324555320337E-01
  2  1 -2 -1  3  -1.106566670345E-01
  2  1 -2  0  3   2.474358296527E-01
  2  1 -2  1  3  -4.285714285714E-01
  2  1 -1 -1  1   4.472135955000E-01
  2  1 -1 -1  3  -1.916629695000E-01
  2  1 -1  0  1   4.472135955000E-01
  2  1 -1  0  3   3.129843185744E-01
  2  1 -1  1  3  -3.499271061119E-01
  2  1  0 -1  1   2.581988897472E-01
  2  1  0 -1  3  -2.710523708716E-01
  2  1  0  0  1   5.163977794943E-01
  2  1  0  0  3   3.319700011035E-01
  2  1  0  1  1   2.581988897472E-01
  2  1  0  1  3  -2.710523708716E-01
  2  1  1 -1  3  -3.499271061119E-01
  2  1  1  0  1   4.472135955000E-01
  2  1  1  0  3   3.129843185744E-01
  2  1  1  1  1   4.472135955000E-01
  2  1  1  1  3  -1.916629695000E-01
  2  1  2 -1  3  -4.285714285714E-01
  2  1  2  0  3   2.474358296527E-01
  2  1  2  1  1   6.324555320337E-01
  2  1  2  1  3  -1.106566670345E-01
  2  2 -2 -2  0   1.000000000000E+00
  2  2 -2 -2  2  -2.857142857143E-01
  2  2 -2 -2  4   4.761904761905E-02
  2  2 -2 -1  2   3.499271061119E-01
  2  2 -2 -1  4  -1.064794275000E-01
  2  2 -2  0  2  -2.857142857143E-01
  2  2 -2  0  4   1.844277783908E-01
  2  2 -2  1  4  -2.817180849095E-01
  2  2 -2  2  4   3.984095364448E-01
  2  2 -1 -2  2  -3.499271061119E-01
  2  2 -1 -2  4   1.064794275000E-01
  2  2 -1 -1  0   1.000000000000E+00
  2  2 -1 -1  2   1.428571428571E-01
  2  2 -1 -1  4  -1.904761904762E-01
  2  2 -1  0  2   1.428571428571E-01
  2  2 -1  0  4   2.608202654787E-01
  2  2 -1  1  2  -3.499271061119E-01
  2  2 -1  1  4  -3.011693009684E-01
  2  2 -1  2  4   2.817180849095E-01
  2  2  0 -2  2  -2.857142857143E-01
  2  2  0 -2  4   1.844277783908E-01
  2  2  0 -1  2  -1.428571428571E-01
  2  2  0 -1  4  -2.608202654787E-01
  2  2  0  0  0   1.000000000000E+00
  2  2  0  0  2   2.857142857143E-01
  2  2  0  0  4   2.857142857143E-01
  2  2  0  1  2  -1.428571428571E-01
  2  2  0  1  4  -2.608202654787E-01
  2  2  0  2  2  -2.857142857143E-01
  2  2  0  2  4   1.844277783908E-01
  2  2  1 -2  4   2.817180849095E-01
  2  2  1 -1  2  -3.499271061119E-01
  2  2  1 -1  4  -3.011693009684E-01
  2  2  1  0  2   1.428571428571E-01
  2  2  1  0  4   2.608202654787E-01
  2  2  1  1  0   1.000000000000E+00
  2  2  1  1  2   1.428571428571E-01
  2  2  1  1  4  -1.904761904762E-01
  2  2  1  2  2  -3.499271061119E-01
  2  2  1  2  4   1.064794275000E-01
  2  2  2 -2  4   3.984095364448E-01
  2  2  2 -1  4  -2.817180849095E-01
  2  2  2  0  2  -2.857142857143E-01
  2  2  2  0  4   1.844277783908E-01
  2  2  2  1  2   3.499271061119E-01
  2  2  2  1  4  -1.064794275000E-01
  2  2  2  2  0   1.000000000000E+00
  2  2  2  2  2  -2.857142857143E-01
  2  2  2  2  4   4.761904761905E-02
  2  3 -2 -3  1  -6.546536707080E-01
  2  3 -2 -3  3   1.781741612749E-01
  2  3 -2 -3  5  -2.561073499177E-02
  2  3 -2 -2  1   3.779644730092E-01
  2  3 -2 -2  3  -2.519763153395E-01
  2  3 -2 -2  5   5.726734439534E-02
  2  3 -2 -1  1  -1.690308509457E-01
  2  3 -2 -1  3   2.760262237369E-01
  2  3 -2 -1  5  -9.918995010727E-02
  2  3 -2  0  3  -2.519763153395E-01
  2  3 -2  0  5   1.515151515152E-01
  2  3 -2  1  3   1.781741612749E-01
  2  3 -2  1  5  -2.142747821777E-01
  2  3 -2  2  5   2.874797872880E-01
  2  3 -2  3  5  -3.711348095126E-01
  2  3 -1 -3  3   2.817180849095E-01
  2  3 -1 -3  5  -6.775963568181E-02
  2  3 -1 -2  1  -5.345224838248E-01
  2  3 -1 -2  3  -2.182178902360E-01
  2  3 -1 -2  5   1.254664653350E-01
  2  3 -1 -1  1   4.780914437338E-01
  2  3 -1 -1  3   7.968190728896E-02
  2  3 -1 -1  5  -1.810952438385E-01
  2  3 -1  0  1  -2.927700218846E-01
  2  3 -1  0  3   7.968190728896E-02
  2  3 -1  0  5   2.290693775813E-01
  2  3 -1  1  3  -2.182178902360E-01
  2  3 -1  1  5  -2.624319405407E-01
  2  3 -1  2  3   2.817180849095E-01
  2  3 -1  2  5   2.710385427272E-01
  2  3 -1  3  5  -2.347262634065E-01
  2  3  0 -3  3   2.817180849095E-01
  2  3  0 -3  5  -1.355192713636E-01
  2  3  0 -2  3  -0.000000000000E+00
  2  3  0 -2  5   2.032789070454E-01
  2  3  0 -1  1  -4.140393356054E-01
  2  3  0 -1  3  -1.690308509457E-01
  2  3  0 -1  5  -2.429647653749E-01
  2  3  0  0  1   5.070925528371E-01
  2  3  0  0  3   2.253744679276E-01
  2  3  0  0  5   2.561073499177E-01
  2  3  0  1  1  -4.140393356054E-01
  2  3  0  1  3  -1.690308509457E-01
  2  3  0  1  5  -2.429647653749E-01
  2  3  0  2  3  -0.000000000000E+00
  2  3  0  2  5   2.032789070454E-01
  2  3  0  3  3   2.817180849095E-01
  2  3  0  3  5  -1.355192713636E-01
  2  3  1 -3  5  -2.347262634065E-01
  2  3  1 -2  3   2.817180849095E-01
  2  3  1 -2  5   2.710385427272E-01
  2  3  1 -1  3  -2.182178902360E-01
  2  3  1 -1  5  -2.624319405407E-01
  2  3  1  0  1  -2.927700218846E-01
  2  3  1  0  3   7.968190728896E-02
  2  3  1  0  5   2.290693775813E-01
  2  3  1  1  1   4.780914437338E-01
  2  3  1  1  3   7.968190728896E-02
  2  3  1  1  5  -1.810952438385E-01
  2  3  1  2  1  -5.345224838248E-01
  2  3  1  2  3  -2.182178902360E-01
  2  3  1  2  5   1.254664653350E-01
  2  3  1  3  3   2.817180849095E-01
  2  3  1  3  5  -6.775963568181E-02
  2  3  2 -3  5  -3.711348095126E-01
  2  3  2 -2  5   2.874797872880E-01
  2  3  2 -1  3   1.781741612749E-01
  2  3  2 -1  5  -2.142747821777E-01
  2  3  2  0  3  -2.519763153395E-01
  2  3  2  0  5   1.515151515152E-01
  2  3  2  1  1  -1.690308509457E-01
  2  3  2  1  3   2.760262237369E-01
  2  3  2  1  5  -9.918995010727E-02
  2  3  2  2  1   3.779644730092E-01
  2  3  2  2  3  -2.519763153395E-01
  2  3  2  2  5   5.726734439534E-02
  2  3  2  3  1  -6.546536707080E-01
  2  3  2  3  3   1.781741612749E-01
  2  3  2  3  5  -2.561073499177E-02
  3  0 -3  0  3   3.779644730092E-01
  3  0 -2  0  3   3.779644730092E-01
  3  0 -1  0  3   3.779644730092E-01
  3  0  0  0  3   3.779644730092E-01
  3  0  1  0  3   3.779644730092E-01
  3  0  2  0  3   3.779644730092E-01
  3  0  3  0  3   3.779644730092E-01
  3  1 -3 -1  2   5.070925528371E-01
  3  1 -3 -1  4  -7.273929674533E-02
  3  1 -3  0  4   1.924500897299E-01
  3  1 -3  1  4  -3.849001794598E-01
  3  1 -2 -1  2   4.140393356054E-01
  3  1 -2 -1  4  -1.259881576697E-01
  3  1 -2  0  2   2.927700218846E-01
  3  1 -2  0  4   2.519763153395E-01
  3  1 -2  1  4  -3.333333333333E-01
  3  1 -1 -1  2   3.207134902949E-01
  3  1 -1 -1  4  -1.781741612749E-01
  3  1 -1  0  2   3.703280399090E-01
  3  1 -1  0  4   2.817180849095E-01
  3  1 -1  1  2   1.309307341416E-01
  3  1 -1  1  4  -2.817180849095E-01
  3  1  0 -1  2   2.267786838055E-01
  3  1  0 -1  4  -2.300218531141E-01
  3  1  0  0  2   3.927922024248E-01
  3  1  0  0  4   2.909571869813E-01
  3  1  0  1  2   2.267786838055E-01
  3  1  0  1  4  -2.300218531141E-01
  3  1  1 -1  2   1.309307341416E-01
  3  1  1 -1  4  -2.817180849095E-01
  3  1  1  0  2   3.703280399090E-01
  3  1  1  0  4   2.817180849095E-01
  3  1  1  1  2   3.207134902949E-01
  3  1  1  1  4  -1.781741612749E-01
  3  1  2 -1  4  -3.333333333333E-01
  3  1  2  0  2   2.927700218846E-01
  3  1  2  0  4   2.519763153395E-01
  3  1  2  1  2   4.140393356054E-01
  3  1  2  1  4  -1.259881576697E-01
  3  1  3 -1  4  -3.849001794598E-01
  3  1  3  0  4   1.924500897299E-01
  3  1  3  1  2   5.070925528371E-01
  3  1  3  1  4  -7.273929674533E-02
  3  2 -3 -2  1   6.546536707080E-01
  3  2 -3 -2  3  -1.781741612749E-01
  3  2 -3 -2  5   2.561073499177E-02
  3  2 -3 -1  3   2.817180849095E-01
  3  2 -3 -1  5  -6.775963568181E-02
  3  2 -3  0  3  -2.817180849095E-01
  3  2 -3  0  5   1.355192713636E-01
  3  2 -3  1  5  -2.347262634065E-01
  3  2 -3  2  5   3.711348095126E-01
  3  2 -2 -2  1   3.779644730092E-01
  3  2 -2 -2  3  -2.519763153395E-01
  3  2 -2 -2  5   5.726734439534E-02
  3  2 -2 -1  1   5.345224838248E-01
  3  2 -2 -1  3   2.182178902360E-01
  3  2 -2 -1  5  -1.254664653350E-01
  3  2 -2  0  3  -0.000000000000E+00
  3  2 -2  0  5   2.032789070454E-01
  3  2 -2  1  3  -2.817180849095E-01
  3  2 -2  1  5  -2.710385427272E-01
  3  2 -2  2  5   2.874797872880E-01
  3  2 -1 -2  1   1.690308509457E-01
  3  2 -1 -2  3  -2.760262237369E-01
  3  2 -1 -2  5   9.918995010727E-02
  3  2 -1 -1  1   4.780914437338E-01
  3  2 -1 -1  3   7.968190728896E-02
  3  2 -1 -1  5  -1.810952438385E-01
  3  2 -1  0  1   4.140393356054E-01
  3  2 -1  0  3   1.690308509457E-01
  3  2 -1  0  5   2.429647653749E-01
  3  2 -1  1  3  -2.182178902360E-01
  3  2 -1  1  5  -2.624319405407E-01
  3  2 -1  2  3  -1.781741612749E-01
  3  2 -1  2  5   2.142747821777E-01
  3  2  0 -2  3  -2.519763153395E-01
  3  2  0 -2  5   1.515151515152E-01
  3  2  0 -1  1   2.927700218846E-01
  3  2  0 -1  3  -7.968190728896E-02
  3  2  0 -1  5  -2.290693775813E-01
  3  2  0  0  1   5.070925528371E-01
  3  2  0  0  3   2.253744679276E-01
  3  2  0  0  5   2.561073499177E-01
  3  2  0  1  1   2.927700218846E-01
  3  2  0  1  3  -7.968190728896E-02
  3  2  0  1  5  -2.290693775813E-01
  3  2  0  2  3  -2.519763153395E-01
  3  2  0  2  5   1.515151515152E-01
  3  2  1 -2  3  -1.781741612749E-01
  3  2  1 -2  5   2.142747821777E-01
  3  2  1 -1  3  -2.182178902360E-01
  3  2  1 -1  5  -2.624319405407E-01
  3  2  1  0  1   4.140393356054E-01
  3  2  1  0  3   1.690308509457E-01
  3  2  1  0  5   2.429647653749E-01
  3  2  1  1  1   4.780914437338E-01
  3  2  1  1  3   7.968190728896E-02
  3  2  1  1  5  -1.810952438385E-01
  3  2  1  2  1   1.690308509457E-01
  3  2  1  2  3  -2.760262237369E-01
  3  2  1  2  5   9.918995010727E-02
  3  2  2 -2  5   2.874797872880E-01
  3  2  2 -1  3  -2.817180849095E-01
  3  2  2 -1  5  -2.710385427272E-01
  3  2  2  0  3  -0.000000000000E+00
  3  2  2  0  5   2.032789070454E-01
  3  2  2  1  1   5.345224838248E-01
  3  2  2  1  3   2.182178902360E-01
  3  2  2  1  5  -1.254664653350E-01
  3  2  2  2  1   3.779644730092E-01
  3  2  2  2  3  -2.519763153395E-01
  3  2  2  2  5   5.726734439534E-02
  3  2  3 -2  5   3.711348095126E-01
  3  2  3 -1  5  -2.347262634065E-01
  3  2  3  0  3  -2.817180849095E-01
  3  2  3  0  5   1.355192713636E-01
  3  2  3  1  3   2.817180849095E-01
  3  2  3  1  5  -6.775963568181E-02
  3  2  3  2  1   6.546536707080E-01
  3  2  3  2  3  -1.781741612749E-01
  3  2  3  2  5   2.561073499177E-02
  3  3 -3 -3  0   1.000000000000E+00
  3  3 -3 -3  2  -3.333333333333E-01
  3  3 -3 -3  4   9.090909090909E-02
  3  3 -3 -3  6  -1.165501165501E-02
  3  3 -3 -2  2   3.333333333333E-01
  3  3 -3 -2  4  -1.659765325773E-01
  3  3 -3 -2  6   3.083626236672E-02
  3  3 -3 -1  2  -2.108185106779E-01
  3  3 -3 -1  4   2.226808857076E-01
  3  3 -3 -1  6  -6.167252473344E-02
  3  3 -3  0  4  -2.405228464604E-01
  3  3 -3  0  6   1.068199462694E-01
  3  3 -3  1  4   1.963860817699E-01
  3  3 -3  1  6  -1.688971648740E-01
  3  3 -3  2  6   2.505149797227E-01
  3  3 -3  3  6  -3.542816819014E-01
  3  3 -2 -3  2  -3.333333333333E-01
  3  3 -2 -3  4   1.659765325773E-01
  3  3 -2 -3  6  -3.083626236672E-02
  3  3 -2 -2  0   1.000000000000E+00
  3  3 -2 -2  2   0.000000000000E+00
  3  3 -2 -2  4  -2.121212121212E-01
  3  3 -2 -2  6   6.993006993007E-02
  3  3 -2 -1  2   2.581988897472E-01
  3  3 -2 -1  4   1.714198257422E-01
  3  3 -2 -1  6  -1.194283306056E-01
  3  3 -2  0  2  -2.981423970000E-01
  3  3 -2  0  4  -5.248638810815E-02
  3  3 -2  0  6   1.744362418076E-01
  3  3 -2  1  4  -1.133835571750E-01
  3  3 -2  1  6  -2.265993251192E-01
  3  3 -2  2  4   2.535333413740E-01
  3  3 -2  2  6   2.616543627115E-01
  3  3 -2  3  6  -2.505149797227E-01
  3  3 -1 -3  2  -2.108185106779E-01
  3  3 -1 -3  4   2.226808857076E-01
  3  3 -1 -3  6  -6.167252473344E-02
  3  3 -1 -2  2  -2.581988897472E-01
  3  3 -1 -2  4  -1.714198257422E-01
  3  3 -1 -2  6   1.194283306056E-01
  3  3 -1 -1  0   1.000000000000E+00
  3  3 -1 -1  2   2.000000000000E-01
  3  3 -1 -1  4   3.030303030303E-02
  3  3 -1 -1  6  -1.748251748252E-01
  3  3 -1  0  2   9.428090415821E-02
  3  3 -1  0  4   1.173631317033E-01
  3  3 -1  0  6   2.180453022596E-01
  3  3 -1  1  2  -3.265986323711E-01
  3  3 -1  1  4  -1.916531915254E-01
  3  3 -1  1  6  -2.388566612112E-01
  3  3 -1  2  4   1.133835571750E-01
  3  3 -1  2  6   2.265993251192E-01
  3  3 -1  3  4   1.963860817699E-01
  3  3 -1  3  6  -1.688971648740E-01
  3  3  0 -3  4   2.405228464604E-01
  3  3  0 -3  6  -1.068199462694E-01
  3  3  0 -2  2  -2.981423970000E-01
  3  3  0 -2  4  -5.248638810815E-02
  3  3  0 -2  6   1.744362418076E-01
  3  3  0 -1  2  -9.428090415821E-02
  3  3  0 -1  4  -1.173631317033E-01
  3  3  0 -1  6  -2.180453022596E-01
  3  3  0  0  0   1.000000000000E+00
  3  3  0  0  2   2.666666666667E-01
  3  3  0  0  4   1.818181818182E-01
  3  3  0  0  6   2.331002331002E-01
  3  3  0  1  2  -9.428090415821E-02
  3  3  0  1  4  -1.173631317033E-01
  3  3  0  1  6  -2.180453022596E-01
  3  3  0  2  2  -2.981423970000E-01
  3  3  0  2  4  -5.248638810815E-02
  3  3  0  2  6   1.744362418076E-01
  3  3  0  3  4   2.405228464604E-01
  3  3  0  3  6  -1.068199462694E-01
  3  3  1 -3  4   1.963860817699E-01
  3  3  1 -3  6  -1.688971648740E-01
  3  3  1 -2  4   1.133835571750E-01
  3  3  1 -2  6   2.265993251192E-01
  3  3  1 -1  2  -3.265986323711E-01
  3  3  1 -1  4  -1.916531915254E-01
  3  3  1 -1  6  -2.388566612112E-01
  3  3  1  0  2   9.428090415821E-02
  3  3  1  0  4   1.173631317033E-01
  3  3  1  0  6   2.180453022596E-01
  3  3  1  1  0   1.000000000000E+00
  3  3  1  1  2   2.000000000000E-01
  3  3  1  1  4   3.030303030303E-02
  3  3  1  1  6  -1.748251748252E-01
  3  3  1  2  2  -2.581988897472E-01
  3  3  1  2  4  -1.714198257422E-01
  3  3  1  2  6   1.194283306056E-01
  3  3  1  3  2  -2.108185106779E-01
  3  3  1  3  4   2.226808857076E-01
  3  3  1  3  6  -6.167252473344E-02
  3  3  2 -3  6  -2.505149797227E-01
  3  3  2 -2  4   2.535333413740E-01
  3  3  2 -2  6   2.616543627115E-01
  3  3  2 -1  4  -1.133835571750E-01
  3  3  2 -1  6  -2.265993251192E-01
  3  3  2  0  2  -2.981423970000E-01
  3  3  2  0  4  -5.248638810815E-02
  3  3  2  0  6   1.744362418076E-01
  3  3  2  1  2   2.581988897472E-01
  3  3  2  1  4   1.714198257422E-01
  3  3  2  1  6  -1.194283306056E-01
  3  3  2  2  0   1.000000000000E+00
  3  3  2  2  2   0.000000000000E+00
  3  3  2  2  4  -2.121212121212E-01
  3  3  2  2  6   6.993006993007E-02
  3  3  2  3  2  -3.333333333333E-01
  3  3  2  3  4   1.659765325773E-01
  3  3  2  3  6  -3.083626236672E-02
  3  3  3 -3  6  -3.542816819014E-01
  3  3  3 -2  6   2.505149797227E-01
  3  3  3 -1  4   1.963860817699E-01
  3  3  3 -1  6  -1.688971648740E-01
  3  3  3  0  4  -2.405228464604E-01
  3  3  3  0  6   1.068199462694E-01
  3  3  3  1  2  -2.108185106779E-01
  3  3  3  1  4   2.226808857076E-01
  3  3  3  1  6  -6.167252473344E-02
  3  3  3  2  2   3.333333333333E-01
  3  3  3  2  4  -1.659765325773E-01
  3  3  3  2  6   3.083626236672E-02
  3  3  3  3  0   1.000000000000E+00
  3  3  3  3  2  -3.333333333333E-01
  3  3  3  3  4   9.090909090909E-02
  3  3  3  3  6  -1.165501165501E-02
